url,headline,img_path
/en/news-in-english/19/2920183/industrial-boom-meets-labour-crunch-in-lithuania,Industrial boom meets labour crunch in Lithuania,/img/2022/10/07/1358320-671671-150x84.jpg
/en/news-in-english/19/2922245/quiz-baltic-states-trivia,Quiz: Baltic states trivia,/img/2026/04/03/2360243-641867-150x84.jpg
/en/news-in-english/19/2920167/once-dismissed-as-a-dying-craft-lithuanian-weaving-is-having-its-moment,"Once dismissed as a dying craft, Lithuanian weaving is having its moment",/img/2026/04/14/2367397-132027-150x84.jpg
/en/news-in-english/19/2919138/lithuanian-employers-seek-delay-to-eu-pay-transparency-rules-due-this-summer,Lithuanian employers seek delay to EU pay transparency rules due this summer,/img/2020/09/17/724246-622695-150x84.jpg
/en/news-in-english/19/2922278/eu-themed-unity-fort-mural-unveiled-in-vilnius-for-europe-day,EU-themed Unity Fort mural unveiled in Vilnius for Europe Day,/img/2026/05/08/2384725-337501-150x84.jpg
/en/news-in-english/19/2922256/kaunas-university-to-research-lithuanian-refugee-architecture-in-north-america,Kaunas university to research Lithuanian refugee architecture in North America,/img/2026/05/08/2384390-497660-150x84.jpg
/en/news-in-english/19/2922154/lithuania-condemns-ioc-s-move-to-lift-ban-on-belarusian-athletes,Lithuania condemns IOC’s move to lift ban on Belarusian athletes,/img/2026/05/07/2384017-483798-150x84.jpg
/en/news-in-english/19/2922139/ruling-party-leader-says-lithuania-should-be-open-to-dialogue-with-minsk,Ruling party leader says Lithuania should be open to dialogue with Minsk,/img/2026/04/07/2362631-6344-150x84.jpg
/en/news-in-english/19/2922079/liberal-leader-dismisses-vilnius-mayor-s-language-push-as-electoral-show,Liberal leader dismisses Vilnius mayor’s language push as electoral ‘show’,/img/2025/12/02/2254424-171976-150x84.jpg
/en/news-in-english/19/2922090/europe-must-run-for-a-defence-union-national-leaders-are-stumbling-at-the-start-opinion,Europe must run for a Defence Union: national leaders are stumbling at the start – opinion,/img/2025/12/17/2268289-498625-150x84.jpg
/en/news-in-english/19/2921245/lrt-english-newsletter-rail-under-strain,LRT English Newsletter: Rail under strain,/img/2026/05/03/2380675-299805-150x84.jpg
/en/news-in-english/19/2920098/he-set-himself-aflame-protesting-russia-s-war-the-kremlin-made-sure-no-one-found-out,He set himself aflame protesting Russia’s war – the Kremlin made sure no one found out,/img/2026/05/05/2382472-986009-150x84.png
/en/news-in-english/19/2921312/police-search-home-and-office-of-vilnius-city-administration-chief,Police search home and office of Vilnius city administration chief,/img/2026/04/03/2360504-122187-150x84.jpg
/en/news-in-english/19/2921279/swedish-royals-to-visit-lithuania-in-may,Swedish royals to visit Lithuania in May,/img/2026/05/07/2383902-893426-150x84.jpg
/en/news-in-english/19/2921233/venice-commission-says-lrt-law-needs-further-refinement-moderates-criticism,"Venice Commission says LRT law needs further refinement, moderates criticism",/img/2025/08/31/2167860-325546-150x84.jpg
/en/news-in-english/19/2921213/lithuania-considers-peacekeeping-role-in-hormuz-strait-not-combat-operation-minister,"Lithuania considers peacekeeping role in Hormuz Strait, not combat operation – minister",/img/2026/05/05/2381943-78272-150x84.jpg
/en/news-in-english/19/2920183/industrial-boom-meets-labour-crunch-in-lithuania,Industrial boom meets labour crunch in Lithuania,
/en/news-in-english/19/2922245/quiz-baltic-states-trivia,Quiz: Baltic states trivia,
/en/news-in-english/19/2920167/once-dismissed-as-a-dying-craft-lithuanian-weaving-is-having-its-moment,"Once dismissed as a dying craft, Lithuanian weaving is having its moment",/img/2026/04/14/2367397-132027-393x221.jpg
/en/news-in-english/19/2919138/lithuanian-employers-seek-delay-to-eu-pay-transparency-rules-due-this-summer,Lithuanian employers seek delay to EU pay transparency rules due this summer,/img/2020/09/17/724246-622695-393x221.jpg
/en/news-in-english/19/2922278/eu-themed-unity-fort-mural-unveiled-in-vilnius-for-europe-day,EU-themed Unity Fort mural unveiled in Vilnius for Europe Day,/img/2026/05/08/2384725-337501-393x221.jpg
/en/news-in-english/19/2922079/liberal-leader-dismisses-vilnius-mayor-s-language-push-as-electoral-show,Liberal leader dismisses Vilnius mayor’s language push as electoral ‘show’,/img/2025/12/02/2254424-171976-615x345.jpg
/en/news-in-english/19/2921312/police-search-home-and-office-of-vilnius-city-administration-chief,Police search home and office of Vilnius city administration chief,/img/2026/04/03/2360504-122187-393x221.jpg
/en/news-in-english/19/2921279/swedish-royals-to-visit-lithuania-in-may,Swedish royals to visit Lithuania in May,/img/2026/05/07/2383902-893426-393x221.jpg
/en/news-in-english/19/2921233/venice-commission-says-lrt-law-needs-further-refinement-moderates-criticism,"Venice Commission says LRT law needs further refinement, moderates criticism",/img/2025/08/31/2167860-325546-393x221.jpg
/en/news-in-english/19/2921213/lithuania-considers-peacekeeping-role-in-hormuz-strait-not-combat-operation-minister,"Lithuania considers peacekeeping role in Hormuz Strait, not combat operation – minister",/img/2026/05/05/2381943-78272-393x221.jpg
/en/news-in-english/19/2922154/lithuania-condemns-ioc-s-move-to-lift-ban-on-belarusian-athletes,Lithuania condemns IOC’s move to lift ban on Belarusian athletes,/img/2026/05/07/2384017-483798-615x345.jpg
/en/news-in-english/19/2922139/ruling-party-leader-says-lithuania-should-be-open-to-dialogue-with-minsk,Ruling party leader says Lithuania should be open to dialogue with Minsk,/img/2026/04/07/2362631-6344-615x345.jpg
/en/news-in-english/19/2918207/southern-lithuania-affected-by-smoke-from-wildfires-in-belarus,Southern Lithuania affected by smoke from wildfires in Belarus,/img/2023/06/09/1529044-976119-615x345.jpg
/en/news-in-english/19/2905243/lithuania-faces-a-russian-railway-dilemma,Lithuania faces a Russian railway dilemma,/img/2022/06/21/1288646-494925-615x345.jpg
/en/news-in-english/19/2920183/industrial-boom-meets-labour-crunch-in-lithuania,Industrial boom meets labour crunch in Lithuania,/img/2022/10/07/1358320-671671-615x345.jpg
/en/news-in-english/19/2919138/lithuanian-employers-seek-delay-to-eu-pay-transparency-rules-due-this-summer,Lithuanian employers seek delay to EU pay transparency rules due this summer,/img/2020/09/17/724246-622695-615x345.jpg
/en/news-in-english/19/2920269/tram-metro-light-rail-vilnius-considers-new-forms-of-public-transport,"Tram, metro, light rail – Vilnius considers new forms of public transport",/img/2025/08/28/2165541-401237-615x345.jpg
/en/news-in-english/19/2920133/swedbank-cuts-lithuania-growth-forecast-foresees-higher-inflation,"Swedbank cuts Lithuania growth forecast, foresees higher inflation",/img/2019/11/06/543999-171755-615x345.jpg
/en/news-in-english/19/2922278/eu-themed-unity-fort-mural-unveiled-in-vilnius-for-europe-day,EU-themed Unity Fort mural unveiled in Vilnius for Europe Day,/img/2026/05/08/2384725-337501-615x345.jpg
/en/news-in-english/19/2922256/kaunas-university-to-research-lithuanian-refugee-architecture-in-north-america,Kaunas university to research Lithuanian refugee architecture in North America,/img/2026/05/08/2384390-497660-615x345.jpg
/en/news-in-english/19/2920395/lithuania-opens-national-pavilion-at-venice-biennale-stresses-solidarity-with-ukraine,"Lithuania opens national pavilion at Venice Biennale, stresses solidarity with Ukraine",/img/2026/05/06/2383078-716566-615x345.png
/en/news-in-english/19/2920203/museum-or-conference-centre-ruling-party-divided-on-what-to-do-with-vilnius-sports-palace,Museum or conference centre? Ruling party divided on what to do with Vilnius Sports Palace,/img/2024/10/02/1873479-382790-615x345.jpg
/en/news-in-english/19/2922245/quiz-baltic-states-trivia,Quiz: Baltic states trivia,/img/2026/04/03/2360243-641867-615x345.jpg
/en/news-in-english/19/2920167/once-dismissed-as-a-dying-craft-lithuanian-weaving-is-having-its-moment,"Once dismissed as a dying craft, Lithuanian weaving is having its moment",/img/2026/04/14/2367397-132027-615x345.jpg
/en/news-in-english/19/2922090/europe-must-run-for-a-defence-union-national-leaders-are-stumbling-at-the-start-opinion,Europe must run for a Defence Union: national leaders are stumbling at the start – opinion,/img/2025/12/17/2268289-498625-615x345.jpg
/en/news-in-english/19/2921245/lrt-english-newsletter-rail-under-strain,LRT English Newsletter: Rail under strain,/img/2026/05/03/2380675-299805-615x345.jpg
